cam calib:  0.7396687355166409

Cam Matrix:
 [[1.45644726e+03 0.00000000e+00 9.34461756e+02]
 [0.00000000e+00 1.45603132e+03 5.19672417e+02]
 [0.00000000e+00 0.00000000e+00 1.00000000e+00]]

Distortion Parameters:
 [[-0.35887676  0.12006852  0.00100526  0.00080191 -0.01069687]]

Rotation Vectors:
 [array([[ 0.04019847],
       [ 0.4610545 ],
       [-0.08522398]]), array([[ 0.42612116],
       [-0.25081699],
       [ 0.12713447]]), array([[-0.37028267],
       [-0.01815122],
       [-0.02844192]]), array([[ 0.0138586 ],
       [-0.4722993 ],
       [-0.06047598]]), array([[0.05458624],
       [0.45176912],
       [0.0617575 ]]), array([[ 0.57762937],
       [-0.30566201],
       [ 2.2386581 ]]), array([[-0.40174379],
       [ 0.04039872],
       [-0.02871718]]), array([[ 0.07307332],
       [-0.09720955],
       [ 1.53967723]]), array([[ 0.03215352],
       [ 0.0336626 ],
       [-0.00430075]]), array([[ 0.55461709],
       [ 0.10673941],
       [-0.03179278]]), array([[ 0.20205747],
       [-0.77967561],
       [ 2.81459141]]), array([[ 0.31386698],
       [-0.44753272],
       [ 1.05541322]]), array([[ 0.5035458 ],
       [ 0.05547792],
       [-0.00972736]]), array([[ 0.01082533],
       [ 0.05360525],
       [-1.57524709]]), array([[ 0.40618115],
       [ 0.03211056],
       [-2.8317983 ]]), array([[-0.01403788],
       [-0.42274016],
       [-0.02999351]]), array([[-0.25818032],
       [-0.52082831],
       [ 1.57306726]]), array([[ 0.03320765],
       [ 0.02840257],
       [-2.16723369]]), array([[-0.31767501],
       [-0.25994981],
       [-0.3286118 ]]), array([[ 0.16142394],
       [-0.2668529 ],
       [ 1.54122217]]), array([[ 0.42549657],
       [-0.29314344],
       [ 1.63096976]]), array([[-0.07978808],
       [-0.07503404],
       [ 0.37166771]]), array([[0.38247095],
       [0.10294215],
       [2.58074203]]), array([[ 0.18109636],
       [-0.41815074],
       [ 1.73657507]]), array([[ 0.47340847],
       [ 0.02325353],
       [-0.03720363]]), array([[-0.02922874],
       [-0.00319241],
       [-0.00799234]]), array([[0.04938787],
       [0.0072548 ],
       [1.58047556]]), array([[ 0.01316271],
       [-0.3952132 ],
       [-0.02209673]]), array([[-0.31719423],
       [-0.36244626],
       [-0.13316198]]), array([[-0.49076897],
       [ 0.05750028],
       [-0.04120615]])]

Translation Vectors:
 [array([[-2.35496134],
       [-1.32408044],
       [12.71774743]]), array([[-1.39562895],
       [-2.65163388],
       [13.43588408]]), array([[-2.51361157],
       [-2.10696168],
       [ 9.20692046]]), array([[-2.73459865],
       [-1.88955169],
       [ 8.64297784]]), array([[-1.37302787],
       [-2.1322081 ],
       [10.78493065]]), array([[ 7.46161951],
       [-2.34557206],
       [15.63691862]]), array([[-1.21869828],
       [-1.50388752],
       [20.28509759]]), array([[ 4.73558441],
       [-3.25527304],
       [14.72735501]]), array([[-2.02821753],
       [-1.94633162],
       [22.28190534]]), array([[-1.96716233],
       [-2.16705781],
       [13.07222177]]), array([[ 6.83488992],
       [ 1.60880396],
       [12.43750886]]), array([[ 4.88923203],
       [-4.09988474],
       [14.66061045]]), array([[-2.8871888 ],
       [-1.81457216],
       [ 9.7027889 ]]), array([[-0.59896104],
       [ 3.6843611 ],
       [22.46554897]]), array([[ 4.77472144],
       [ 2.98581164],
       [13.32175541]]), array([[-2.18253284],
       [-1.87660063],
       [ 8.21268531]]), array([[ 8.14065373],
       [-4.50733397],
       [16.68325378]]), array([[ 2.48184064],
       [ 4.05487215],
       [16.7097739 ]]), array([[-2.20632438],
       [-1.21230794],
       [ 9.87213835]]), array([[ 4.42577378],
       [-2.60580658],
       [10.58362386]]), array([[ 4.31730534],
       [-1.99298192],
       [ 9.78372449]]), array([[-1.48396139],
       [-2.77304528],
       [10.63627995]]), array([[ 6.89221487],
       [ 0.21593703],
       [10.94926908]]), array([[ 3.31900512],
       [-2.13803376],
       [12.95050737]]), array([[-1.30073231],
       [-1.06685076],
       [18.20413246]]), array([[-2.93469457],
       [-1.94023598],
       [ 8.98137973]]), array([[ 3.57723254],
       [-4.41036366],
       [22.06607414]]), array([[-2.46295336],
       [-1.63275381],
       [10.61097241]]), array([[-2.88570655],
       [-1.34864228],
       [13.00304369]]), array([[-2.50524546],
       [-1.38762536],
       [13.66364321]])]
total error: 0.11094484916352473

